23 39
298
14 34
14 18
6 16
22 23
8 30
19 25
1 29
9 9
20 17
1 6
17 39
21 15
21 28
2 7
22 11
7 16
12 32
6 27
11 10
1 7
19 15
15 22
8 2
6 29
17 14
6 22
15 22
6 30
23 14
19 19
6 20
11 28
9 23
4 12
10 1
21 13
18 21
9 4
12 29
19 2
6 31
14 1
19 19
20 3
7 10
1 33
16 39
16 39
14 27
19 20
22 33
12 22
20 12
23 19
2 31
13 14
20 11
15 31
11 8
7 14
9 38
4 2
2 16
15 12
2 14
7 10
23 34
2 24
10 29
9 23
3 14
9 38
22 3
11 33
10 11
6 39
20 6
19 28
2 13
2 12
10 2
21 27
13 13
18 32
13 39
1 34
15 28
3 12
15 33
3 34
10 34
13 27
7 2
22 26
1 7
7 10
10 33
13 15
4 27
15 36
5 13
5 32
22 27
23 11
5 6
8 31
11 12
17 10
11 24
16 5
14 31
8 26
20 37
14 7
16 4
12 11
8 29
5 12
6 4
11 6
20 38
7 13
20 25
19 5
1 25
13 21
21 36
6 22
11 14
15 38
19 5
6 26
2 37
17 10
1 4
16 8
11 15
6 4
13 4
14 16
2 21
5 30
18 12
8 10
21 15
7 2
17 34
3 39
15 6
10 12
18 38
22 4
19 35
22 29
8 8
5 37
3 25
9 24
22 3
11 26
2 21
19 36
5 6
1 34
1 37
19 23
12 23
6 23
15 2
13 28
16 14
11 24
3 34
22 15
10 8
4 25
19 25
5 19
1 24
1 19
15 11
23 16
5 31
10 29
22 35
15 4
6 39
22 19
11 34
20 18
4 22
22 20
22 21
7 10
20 15
21 7
2 8
4 12
3 22
9 34
6 27
15 27
3 30
23 10
8 12
19 16
2 26
17 24
13 36
10 14
15 24
14 7
5 38
22 6
2 16
4 35
19 31
22 10
3 28
3 8
23 19
17 18
14 32
23 2
7 6
3 13
14 14
10 26
13 25
16 36
21 2
21 14
10 31
19 8
19 5
19 17
2 7
11 19
12 36
21 12
1 35
7 34
22 3
5 16
18 20
22 5
23 12
12 13
5 28
15 18
8 14
12 11
19 10
9 6
13 39
1 38
2 22
4 6
17 37
4 34
15 5
6 12
8 16
14 23
18 26
12 3
2 3
5 31
3 8
8 8
23 8
3 22
21 6
2 3
15 12
6 9
11 20
7 38
13 28
7 10
10 9
15 31
2 12
7 36
23 6
21 11
2 4
8 16
4 8
3 25
17 34
21 36
19 22
21 29
3 28
3 12
17 1
2 34
10
8 37
5 11
5 8
11 38
23 20
9 7
22 27
16 23
12 14
23 20